2 10 011010101111110111111
2 01110101101101111000 >= 010110110110000110100
10 2 4785145
16 85AF + 90BC
10 5678 >> 2
2 10 879327831638311731
2 1111100011101010111 + 01101110110111
2 11011011 * 010101111
2 10 01101010111110111111
10 2 8793278316383117319
16 85AF + 90BC
10 5678 >> 2
2 ror 0111000110101110
10 ~ -2000
2 10 011010101111110111111
2 01110101101101111000 >= 010110110110000110100
10 2 4785145
16 85AF + 90BC
10 5678 >> 2
2 10 879327831638311731
2 1111100011101010111 + 01101110110111
2 11011011 * 010101111
2 10 01101010111110111111